hi this is a message 
1659861308008912908120244272714603848703868382977914476613273374964825588285702416768468040842908513134328366741453833609082628665978203767552766879511588717396947478191146284154115095907909446766256954251540461914514012861961836382143639012291752776096201695072476649319700100783978677137535700637847488394595180288253628900728666388934762856145700122359242084861664178370780180265168
3319722616017825816240488545429207697407736765955828953226546749929651176571404833536936081685817026268656733482907667218165257331956407535105533759023177434793894956382292568308230191815818893532513908503080923829028025723923672764287278024583505552192403390144953298639400201567957354275071401275694976789190360576507257801457332777869525712291400244718484169723328356741560360530336
3319722616017825816240488545429207697407736765955828953226546749929651176571404833536936081685817026268656733482907667218165257331956407535105533759023177434793894956382292568308230191815818893532513908503080923829028025723923672764287278024583505552192403390144953298639400201567957354275071401275694976789190360576507257801457332777869525712291400244718484169723328356741560360530336
1659861308008912908120244272714603848703868382977914476613273374964825588285702416768468040842908513134328366741453833609082628665978203767552766879511588717396947478191146284154115095907909446766256954251540461914514012861961836382143639012291752776096201695072476649319700100783978677137535700637847488394595180288253628900728666388934762856145700122359242084861664178370780180265168
3319722616017825816240488545429207697407736765955828953226546749929651176571404833536936081685817026268656733482907667218165257331956407535105533759023177434793894956382292568308230191815818893532513908503080923829028025723923672764287278024583505552192403390144953298639400201567957354275071401275694976789190360576507257801457332777869525712291400244718484169723328356741560360530336
1659861308008912908120244272714603848703868382977914476613273374964825588285702416768468040842908513134328366741453833609082628665978203767552766879511588717396947478191146284154115095907909446766256954251540461914514012861961836382143639012291752776096201695072476649319700100783978677137535700637847488394595180288253628900728666388934762856145700122359242084861664178370780180265168
1659861308008912908120244272714603848703868382977914476613273374964825588285702416768468040842908513134328366741453833609082628665978203767552766879511588717396947478191146284154115095907909446766256954251540461914514012861961836382143639012291752776096201695072476649319700100783978677137535700637847488394595180288253628900728666388934762856145700122359242084861664178370780180265168
1659861308008912908120244272714603848703868382977914476613273374964825588285702416768468040842908513134328366741453833609082628665978203767552766879511588717396947478191146284154115095907909446766256954251540461914514012861961836382143639012291752776096201695072476649319700100783978677137535700637847488394595180288253628900728666388934762856145700122359242084861664178370780180265168
1659861308008912908120244272714603848703868382977914476613273374964825588285702416768468040842908513134328366741453833609082628665978203767552766879511588717396947478191146284154115095907909446766256954251540461914514012861961836382143639012291752776096201695072476649319700100783978677137535700637847488394595180288253628900728666388934762856145700122359242084861664178370780180265168
3319722616017825816240488545429207697407736765955828953226546749929651176571404833536936081685817026268656733482907667218165257331956407535105533759023177434793894956382292568308230191815818893532513908503080923829028025723923672764287278024583505552192403390144953298639400201567957354275071401275694976789190360576507257801457332777869525712291400244718484169723328356741560360530336
3319722616017825816240488545429207697407736765955828953226546749929651176571404833536936081685817026268656733482907667218165257331956407535105533759023177434793894956382292568308230191815818893532513908503080923829028025723923672764287278024583505552192403390144953298639400201567957354275071401275694976789190360576507257801457332777869525712291400244718484169723328356741560360530336
1659861308008912908120244272714603848703868382977914476613273374964825588285702416768468040842908513134328366741453833609082628665978203767552766879511588717396947478191146284154115095907909446766256954251540461914514012861961836382143639012291752776096201695072476649319700100783978677137535700637847488394595180288253628900728666388934762856145700122359242084861664178370780180265168
3319722616017825816240488545429207697407736765955828953226546749929651176571404833536936081685817026268656733482907667218165257331956407535105533759023177434793894956382292568308230191815818893532513908503080923829028025723923672764287278024583505552192403390144953298639400201567957354275071401275694976789190360576507257801457332777869525712291400244718484169723328356741560360530336
1659861308008912908120244272714603848703868382977914476613273374964825588285702416768468040842908513134328366741453833609082628665978203767552766879511588717396947478191146284154115095907909446766256954251540461914514012861961836382143639012291752776096201695072476649319700100783978677137535700637847488394595180288253628900728666388934762856145700122359242084861664178370780180265168
1659861308008912908120244272714603848703868382977914476613273374964825588285702416768468040842908513134328366741453833609082628665978203767552766879511588717396947478191146284154115095907909446766256954251540461914514012861961836382143639012291752776096201695072476649319700100783978677137535700637847488394595180288253628900728666388934762856145700122359242084861664178370780180265168
3319722616017825816240488545429207697407736765955828953226546749929651176571404833536936081685817026268656733482907667218165257331956407535105533759023177434793894956382292568308230191815818893532513908503080923829028025723923672764287278024583505552192403390144953298639400201567957354275071401275694976789190360576507257801457332777869525712291400244718484169723328356741560360530336
1659861308008912908120244272714603848703868382977914476613273374964825588285702416768468040842908513134328366741453833609082628665978203767552766879511588717396947478191146284154115095907909446766256954251540461914514012861961836382143639012291752776096201695072476649319700100783978677137535700637847488394595180288253628900728666388934762856145700122359242084861664178370780180265168
3319722616017825816240488545429207697407736765955828953226546749929651176571404833536936081685817026268656733482907667218165257331956407535105533759023177434793894956382292568308230191815818893532513908503080923829028025723923672764287278024583505552192403390144953298639400201567957354275071401275694976789190360576507257801457332777869525712291400244718484169723328356741560360530336
3319722616017825816240488545429207697407736765955828953226546749929651176571404833536936081685817026268656733482907667218165257331956407535105533759023177434793894956382292568308230191815818893532513908503080923829028025723923672764287278024583505552192403390144953298639400201567957354275071401275694976789190360576507257801457332777869525712291400244718484169723328356741560360530336
1659861308008912908120244272714603848703868382977914476613273374964825588285702416768468040842908513134328366741453833609082628665978203767552766879511588717396947478191146284154115095907909446766256954251540461914514012861961836382143639012291752776096201695072476649319700100783978677137535700637847488394595180288253628900728666388934762856145700122359242084861664178370780180265168
3319722616017825816240488545429207697407736765955828953226546749929651176571404833536936081685817026268656733482907667218165257331956407535105533759023177434793894956382292568308230191815818893532513908503080923829028025723923672764287278024583505552192403390144953298639400201567957354275071401275694976789190360576507257801457332777869525712291400244718484169723328356741560360530336
1659861308008912908120244272714603848703868382977914476613273374964825588285702416768468040842908513134328366741453833609082628665978203767552766879511588717396947478191146284154115095907909446766256954251540461914514012861961836382143639012291752776096201695072476649319700100783978677137535700637847488394595180288253628900728666388934762856145700122359242084861664178370780180265168
3319722616017825816240488545429207697407736765955828953226546749929651176571404833536936081685817026268656733482907667218165257331956407535105533759023177434793894956382292568308230191815818893532513908503080923829028025723923672764287278024583505552192403390144953298639400201567957354275071401275694976789190360576507257801457332777869525712291400244718484169723328356741560360530336
1659861308008912908120244272714603848703868382977914476613273374964825588285702416768468040842908513134328366741453833609082628665978203767552766879511588717396947478191146284154115095907909446766256954251540461914514012861961836382143639012291752776096201695072476649319700100783978677137535700637847488394595180288253628900728666388934762856145700122359242084861664178370780180265168
1659861308008912908120244272714603848703868382977914476613273374964825588285702416768468040842908513134328366741453833609082628665978203767552766879511588717396947478191146284154115095907909446766256954251540461914514012861961836382143639012291752776096201695072476649319700100783978677137535700637847488394595180288253628900728666388934762856145700122359242084861664178370780180265168
3319722616017825816240488545429207697407736765955828953226546749929651176571404833536936081685817026268656733482907667218165257331956407535105533759023177434793894956382292568308230191815818893532513908503080923829028025723923672764287278024583505552192403390144953298639400201567957354275071401275694976789190360576507257801457332777869525712291400244718484169723328356741560360530336
3319722616017825816240488545429207697407736765955828953226546749929651176571404833536936081685817026268656733482907667218165257331956407535105533759023177434793894956382292568308230191815818893532513908503080923829028025723923672764287278024583505552192403390144953298639400201567957354275071401275694976789190360576507257801457332777869525712291400244718484169723328356741560360530336
1659861308008912908120244272714603848703868382977914476613273374964825588285702416768468040842908513134328366741453833609082628665978203767552766879511588717396947478191146284154115095907909446766256954251540461914514012861961836382143639012291752776096201695072476649319700100783978677137535700637847488394595180288253628900728666388934762856145700122359242084861664178370780180265168
3319722616017825816240488545429207697407736765955828953226546749929651176571404833536936081685817026268656733482907667218165257331956407535105533759023177434793894956382292568308230191815818893532513908503080923829028025723923672764287278024583505552192403390144953298639400201567957354275071401275694976789190360576507257801457332777869525712291400244718484169723328356741560360530336
1659861308008912908120244272714603848703868382977914476613273374964825588285702416768468040842908513134328366741453833609082628665978203767552766879511588717396947478191146284154115095907909446766256954251540461914514012861961836382143639012291752776096201695072476649319700100783978677137535700637847488394595180288253628900728666388934762856145700122359242084861664178370780180265168
3319722616017825816240488545429207697407736765955828953226546749929651176571404833536936081685817026268656733482907667218165257331956407535105533759023177434793894956382292568308230191815818893532513908503080923829028025723923672764287278024583505552192403390144953298639400201567957354275071401275694976789190360576507257801457332777869525712291400244718484169723328356741560360530336
3319722616017825816240488545429207697407736765955828953226546749929651176571404833536936081685817026268656733482907667218165257331956407535105533759023177434793894956382292568308230191815818893532513908503080923829028025723923672764287278024583505552192403390144953298639400201567957354275071401275694976789190360576507257801457332777869525712291400244718484169723328356741560360530336
1659861308008912908120244272714603848703868382977914476613273374964825588285702416768468040842908513134328366741453833609082628665978203767552766879511588717396947478191146284154115095907909446766256954251540461914514012861961836382143639012291752776096201695072476649319700100783978677137535700637847488394595180288253628900728666388934762856145700122359242084861664178370780180265168
3319722616017825816240488545429207697407736765955828953226546749929651176571404833536936081685817026268656733482907667218165257331956407535105533759023177434793894956382292568308230191815818893532513908503080923829028025723923672764287278024583505552192403390144953298639400201567957354275071401275694976789190360576507257801457332777869525712291400244718484169723328356741560360530336
3319722616017825816240488545429207697407736765955828953226546749929651176571404833536936081685817026268656733482907667218165257331956407535105533759023177434793894956382292568308230191815818893532513908503080923829028025723923672764287278024583505552192403390144953298639400201567957354275071401275694976789190360576507257801457332777869525712291400244718484169723328356741560360530336
1659861308008912908120244272714603848703868382977914476613273374964825588285702416768468040842908513134328366741453833609082628665978203767552766879511588717396947478191146284154115095907909446766256954251540461914514012861961836382143639012291752776096201695072476649319700100783978677137535700637847488394595180288253628900728666388934762856145700122359242084861664178370780180265168
3319722616017825816240488545429207697407736765955828953226546749929651176571404833536936081685817026268656733482907667218165257331956407535105533759023177434793894956382292568308230191815818893532513908503080923829028025723923672764287278024583505552192403390144953298639400201567957354275071401275694976789190360576507257801457332777869525712291400244718484169723328356741560360530336
3319722616017825816240488545429207697407736765955828953226546749929651176571404833536936081685817026268656733482907667218165257331956407535105533759023177434793894956382292568308230191815818893532513908503080923829028025723923672764287278024583505552192403390144953298639400201567957354275071401275694976789190360576507257801457332777869525712291400244718484169723328356741560360530336
1659861308008912908120244272714603848703868382977914476613273374964825588285702416768468040842908513134328366741453833609082628665978203767552766879511588717396947478191146284154115095907909446766256954251540461914514012861961836382143639012291752776096201695072476649319700100783978677137535700637847488394595180288253628900728666388934762856145700122359242084861664178370780180265168
1659861308008912908120244272714603848703868382977914476613273374964825588285702416768468040842908513134328366741453833609082628665978203767552766879511588717396947478191146284154115095907909446766256954251540461914514012861961836382143639012291752776096201695072476649319700100783978677137535700637847488394595180288253628900728666388934762856145700122359242084861664178370780180265168
1659861308008912908120244272714603848703868382977914476613273374964825588285702416768468040842908513134328366741453833609082628665978203767552766879511588717396947478191146284154115095907909446766256954251540461914514012861961836382143639012291752776096201695072476649319700100783978677137535700637847488394595180288253628900728666388934762856145700122359242084861664178370780180265168
3319722616017825816240488545429207697407736765955828953226546749929651176571404833536936081685817026268656733482907667218165257331956407535105533759023177434793894956382292568308230191815818893532513908503080923829028025723923672764287278024583505552192403390144953298639400201567957354275071401275694976789190360576507257801457332777869525712291400244718484169723328356741560360530336
3319722616017825816240488545429207697407736765955828953226546749929651176571404833536936081685817026268656733482907667218165257331956407535105533759023177434793894956382292568308230191815818893532513908503080923829028025723923672764287278024583505552192403390144953298639400201567957354275071401275694976789190360576507257801457332777869525712291400244718484169723328356741560360530336
1659861308008912908120244272714603848703868382977914476613273374964825588285702416768468040842908513134328366741453833609082628665978203767552766879511588717396947478191146284154115095907909446766256954251540461914514012861961836382143639012291752776096201695072476649319700100783978677137535700637847488394595180288253628900728666388934762856145700122359242084861664178370780180265168
3319722616017825816240488545429207697407736765955828953226546749929651176571404833536936081685817026268656733482907667218165257331956407535105533759023177434793894956382292568308230191815818893532513908503080923829028025723923672764287278024583505552192403390144953298639400201567957354275071401275694976789190360576507257801457332777869525712291400244718484169723328356741560360530336
3319722616017825816240488545429207697407736765955828953226546749929651176571404833536936081685817026268656733482907667218165257331956407535105533759023177434793894956382292568308230191815818893532513908503080923829028025723923672764287278024583505552192403390144953298639400201567957354275071401275694976789190360576507257801457332777869525712291400244718484169723328356741560360530336
1659861308008912908120244272714603848703868382977914476613273374964825588285702416768468040842908513134328366741453833609082628665978203767552766879511588717396947478191146284154115095907909446766256954251540461914514012861961836382143639012291752776096201695072476649319700100783978677137535700637847488394595180288253628900728666388934762856145700122359242084861664178370780180265168
3319722616017825816240488545429207697407736765955828953226546749929651176571404833536936081685817026268656733482907667218165257331956407535105533759023177434793894956382292568308230191815818893532513908503080923829028025723923672764287278024583505552192403390144953298639400201567957354275071401275694976789190360576507257801457332777869525712291400244718484169723328356741560360530336
1659861308008912908120244272714603848703868382977914476613273374964825588285702416768468040842908513134328366741453833609082628665978203767552766879511588717396947478191146284154115095907909446766256954251540461914514012861961836382143639012291752776096201695072476649319700100783978677137535700637847488394595180288253628900728666388934762856145700122359242084861664178370780180265168
3319722616017825816240488545429207697407736765955828953226546749929651176571404833536936081685817026268656733482907667218165257331956407535105533759023177434793894956382292568308230191815818893532513908503080923829028025723923672764287278024583505552192403390144953298639400201567957354275071401275694976789190360576507257801457332777869525712291400244718484169723328356741560360530336
3319722616017825816240488545429207697407736765955828953226546749929651176571404833536936081685817026268656733482907667218165257331956407535105533759023177434793894956382292568308230191815818893532513908503080923829028025723923672764287278024583505552192403390144953298639400201567957354275071401275694976789190360576507257801457332777869525712291400244718484169723328356741560360530336
1659861308008912908120244272714603848703868382977914476613273374964825588285702416768468040842908513134328366741453833609082628665978203767552766879511588717396947478191146284154115095907909446766256954251540461914514012861961836382143639012291752776096201695072476649319700100783978677137535700637847488394595180288253628900728666388934762856145700122359242084861664178370780180265168
3319722616017825816240488545429207697407736765955828953226546749929651176571404833536936081685817026268656733482907667218165257331956407535105533759023177434793894956382292568308230191815818893532513908503080923829028025723923672764287278024583505552192403390144953298639400201567957354275071401275694976789190360576507257801457332777869525712291400244718484169723328356741560360530336
3319722616017825816240488545429207697407736765955828953226546749929651176571404833536936081685817026268656733482907667218165257331956407535105533759023177434793894956382292568308230191815818893532513908503080923829028025723923672764287278024583505552192403390144953298639400201567957354275071401275694976789190360576507257801457332777869525712291400244718484169723328356741560360530336
3319722616017825816240488545429207697407736765955828953226546749929651176571404833536936081685817026268656733482907667218165257331956407535105533759023177434793894956382292568308230191815818893532513908503080923829028025723923672764287278024583505552192403390144953298639400201567957354275071401275694976789190360576507257801457332777869525712291400244718484169723328356741560360530336
1659861308008912908120244272714603848703868382977914476613273374964825588285702416768468040842908513134328366741453833609082628665978203767552766879511588717396947478191146284154115095907909446766256954251540461914514012861961836382143639012291752776096201695072476649319700100783978677137535700637847488394595180288253628900728666388934762856145700122359242084861664178370780180265168
1659861308008912908120244272714603848703868382977914476613273374964825588285702416768468040842908513134328366741453833609082628665978203767552766879511588717396947478191146284154115095907909446766256954251540461914514012861961836382143639012291752776096201695072476649319700100783978677137535700637847488394595180288253628900728666388934762856145700122359242084861664178370780180265168
3319722616017825816240488545429207697407736765955828953226546749929651176571404833536936081685817026268656733482907667218165257331956407535105533759023177434793894956382292568308230191815818893532513908503080923829028025723923672764287278024583505552192403390144953298639400201567957354275071401275694976789190360576507257801457332777869525712291400244718484169723328356741560360530336
3319722616017825816240488545429207697407736765955828953226546749929651176571404833536936081685817026268656733482907667218165257331956407535105533759023177434793894956382292568308230191815818893532513908503080923829028025723923672764287278024583505552192403390144953298639400201567957354275071401275694976789190360576507257801457332777869525712291400244718484169723328356741560360530336
1659861308008912908120244272714603848703868382977914476613273374964825588285702416768468040842908513134328366741453833609082628665978203767552766879511588717396947478191146284154115095907909446766256954251540461914514012861961836382143639012291752776096201695072476649319700100783978677137535700637847488394595180288253628900728666388934762856145700122359242084861664178370780180265168
3319722616017825816240488545429207697407736765955828953226546749929651176571404833536936081685817026268656733482907667218165257331956407535105533759023177434793894956382292568308230191815818893532513908503080923829028025723923672764287278024583505552192403390144953298639400201567957354275071401275694976789190360576507257801457332777869525712291400244718484169723328356741560360530336
3319722616017825816240488545429207697407736765955828953226546749929651176571404833536936081685817026268656733482907667218165257331956407535105533759023177434793894956382292568308230191815818893532513908503080923829028025723923672764287278024583505552192403390144953298639400201567957354275071401275694976789190360576507257801457332777869525712291400244718484169723328356741560360530336
3319722616017825816240488545429207697407736765955828953226546749929651176571404833536936081685817026268656733482907667218165257331956407535105533759023177434793894956382292568308230191815818893532513908503080923829028025723923672764287278024583505552192403390144953298639400201567957354275071401275694976789190360576507257801457332777869525712291400244718484169723328356741560360530336
3319722616017825816240488545429207697407736765955828953226546749929651176571404833536936081685817026268656733482907667218165257331956407535105533759023177434793894956382292568308230191815818893532513908503080923829028025723923672764287278024583505552192403390144953298639400201567957354275071401275694976789190360576507257801457332777869525712291400244718484169723328356741560360530336
1659861308008912908120244272714603848703868382977914476613273374964825588285702416768468040842908513134328366741453833609082628665978203767552766879511588717396947478191146284154115095907909446766256954251540461914514012861961836382143639012291752776096201695072476649319700100783978677137535700637847488394595180288253628900728666388934762856145700122359242084861664178370780180265168
3319722616017825816240488545429207697407736765955828953226546749929651176571404833536936081685817026268656733482907667218165257331956407535105533759023177434793894956382292568308230191815818893532513908503080923829028025723923672764287278024583505552192403390144953298639400201567957354275071401275694976789190360576507257801457332777869525712291400244718484169723328356741560360530336
3319722616017825816240488545429207697407736765955828953226546749929651176571404833536936081685817026268656733482907667218165257331956407535105533759023177434793894956382292568308230191815818893532513908503080923829028025723923672764287278024583505552192403390144953298639400201567957354275071401275694976789190360576507257801457332777869525712291400244718484169723328356741560360530336
3319722616017825816240488545429207697407736765955828953226546749929651176571404833536936081685817026268656733482907667218165257331956407535105533759023177434793894956382292568308230191815818893532513908503080923829028025723923672764287278024583505552192403390144953298639400201567957354275071401275694976789190360576507257801457332777869525712291400244718484169723328356741560360530336
1659861308008912908120244272714603848703868382977914476613273374964825588285702416768468040842908513134328366741453833609082628665978203767552766879511588717396947478191146284154115095907909446766256954251540461914514012861961836382143639012291752776096201695072476649319700100783978677137535700637847488394595180288253628900728666388934762856145700122359242084861664178370780180265168
1659861308008912908120244272714603848703868382977914476613273374964825588285702416768468040842908513134328366741453833609082628665978203767552766879511588717396947478191146284154115095907909446766256954251540461914514012861961836382143639012291752776096201695072476649319700100783978677137535700637847488394595180288253628900728666388934762856145700122359242084861664178370780180265168
1659861308008912908120244272714603848703868382977914476613273374964825588285702416768468040842908513134328366741453833609082628665978203767552766879511588717396947478191146284154115095907909446766256954251540461914514012861961836382143639012291752776096201695072476649319700100783978677137535700637847488394595180288253628900728666388934762856145700122359242084861664178370780180265168
1659861308008912908120244272714603848703868382977914476613273374964825588285702416768468040842908513134328366741453833609082628665978203767552766879511588717396947478191146284154115095907909446766256954251540461914514012861961836382143639012291752776096201695072476649319700100783978677137535700637847488394595180288253628900728666388934762856145700122359242084861664178370780180265168
1659861308008912908120244272714603848703868382977914476613273374964825588285702416768468040842908513134328366741453833609082628665978203767552766879511588717396947478191146284154115095907909446766256954251540461914514012861961836382143639012291752776096201695072476649319700100783978677137535700637847488394595180288253628900728666388934762856145700122359242084861664178370780180265168
3319722616017825816240488545429207697407736765955828953226546749929651176571404833536936081685817026268656733482907667218165257331956407535105533759023177434793894956382292568308230191815818893532513908503080923829028025723923672764287278024583505552192403390144953298639400201567957354275071401275694976789190360576507257801457332777869525712291400244718484169723328356741560360530336
3319722616017825816240488545429207697407736765955828953226546749929651176571404833536936081685817026268656733482907667218165257331956407535105533759023177434793894956382292568308230191815818893532513908503080923829028025723923672764287278024583505552192403390144953298639400201567957354275071401275694976789190360576507257801457332777869525712291400244718484169723328356741560360530336
3319722616017825816240488545429207697407736765955828953226546749929651176571404833536936081685817026268656733482907667218165257331956407535105533759023177434793894956382292568308230191815818893532513908503080923829028025723923672764287278024583505552192403390144953298639400201567957354275071401275694976789190360576507257801457332777869525712291400244718484169723328356741560360530336
1659861308008912908120244272714603848703868382977914476613273374964825588285702416768468040842908513134328366741453833609082628665978203767552766879511588717396947478191146284154115095907909446766256954251540461914514012861961836382143639012291752776096201695072476649319700100783978677137535700637847488394595180288253628900728666388934762856145700122359242084861664178370780180265168
1659861308008912908120244272714603848703868382977914476613273374964825588285702416768468040842908513134328366741453833609082628665978203767552766879511588717396947478191146284154115095907909446766256954251540461914514012861961836382143639012291752776096201695072476649319700100783978677137535700637847488394595180288253628900728666388934762856145700122359242084861664178370780180265168
1659861308008912908120244272714603848703868382977914476613273374964825588285702416768468040842908513134328366741453833609082628665978203767552766879511588717396947478191146284154115095907909446766256954251540461914514012861961836382143639012291752776096201695072476649319700100783978677137535700637847488394595180288253628900728666388934762856145700122359242084861664178370780180265168
3319722616017825816240488545429207697407736765955828953226546749929651176571404833536936081685817026268656733482907667218165257331956407535105533759023177434793894956382292568308230191815818893532513908503080923829028025723923672764287278024583505552192403390144953298639400201567957354275071401275694976789190360576507257801457332777869525712291400244718484169723328356741560360530336
1659861308008912908120244272714603848703868382977914476613273374964825588285702416768468040842908513134328366741453833609082628665978203767552766879511588717396947478191146284154115095907909446766256954251540461914514012861961836382143639012291752776096201695072476649319700100783978677137535700637847488394595180288253628900728666388934762856145700122359242084861664178370780180265168
3319722616017825816240488545429207697407736765955828953226546749929651176571404833536936081685817026268656733482907667218165257331956407535105533759023177434793894956382292568308230191815818893532513908503080923829028025723923672764287278024583505552192403390144953298639400201567957354275071401275694976789190360576507257801457332777869525712291400244718484169723328356741560360530336
3319722616017825816240488545429207697407736765955828953226546749929651176571404833536936081685817026268656733482907667218165257331956407535105533759023177434793894956382292568308230191815818893532513908503080923829028025723923672764287278024583505552192403390144953298639400201567957354275071401275694976789190360576507257801457332777869525712291400244718484169723328356741560360530336
3319722616017825816240488545429207697407736765955828953226546749929651176571404833536936081685817026268656733482907667218165257331956407535105533759023177434793894956382292568308230191815818893532513908503080923829028025723923672764287278024583505552192403390144953298639400201567957354275071401275694976789190360576507257801457332777869525712291400244718484169723328356741560360530336
1659861308008912908120244272714603848703868382977914476613273374964825588285702416768468040842908513134328366741453833609082628665978203767552766879511588717396947478191146284154115095907909446766256954251540461914514012861961836382143639012291752776096201695072476649319700100783978677137535700637847488394595180288253628900728666388934762856145700122359242084861664178370780180265168
1659861308008912908120244272714603848703868382977914476613273374964825588285702416768468040842908513134328366741453833609082628665978203767552766879511588717396947478191146284154115095907909446766256954251540461914514012861961836382143639012291752776096201695072476649319700100783978677137535700637847488394595180288253628900728666388934762856145700122359242084861664178370780180265168
3319722616017825816240488545429207697407736765955828953226546749929651176571404833536936081685817026268656733482907667218165257331956407535105533759023177434793894956382292568308230191815818893532513908503080923829028025723923672764287278024583505552192403390144953298639400201567957354275071401275694976789190360576507257801457332777869525712291400244718484169723328356741560360530336
1659861308008912908120244272714603848703868382977914476613273374964825588285702416768468040842908513134328366741453833609082628665978203767552766879511588717396947478191146284154115095907909446766256954251540461914514012861961836382143639012291752776096201695072476649319700100783978677137535700637847488394595180288253628900728666388934762856145700122359242084861664178370780180265168
1659861308008912908120244272714603848703868382977914476613273374964825588285702416768468040842908513134328366741453833609082628665978203767552766879511588717396947478191146284154115095907909446766256954251540461914514012861961836382143639012291752776096201695072476649319700100783978677137535700637847488394595180288253628900728666388934762856145700122359242084861664178370780180265168
3319722616017825816240488545429207697407736765955828953226546749929651176571404833536936081685817026268656733482907667218165257331956407535105533759023177434793894956382292568308230191815818893532513908503080923829028025723923672764287278024583505552192403390144953298639400201567957354275071401275694976789190360576507257801457332777869525712291400244718484169723328356741560360530336
3319722616017825816240488545429207697407736765955828953226546749929651176571404833536936081685817026268656733482907667218165257331956407535105533759023177434793894956382292568308230191815818893532513908503080923829028025723923672764287278024583505552192403390144953298639400201567957354275071401275694976789190360576507257801457332777869525712291400244718484169723328356741560360530336
3319722616017825816240488545429207697407736765955828953226546749929651176571404833536936081685817026268656733482907667218165257331956407535105533759023177434793894956382292568308230191815818893532513908503080923829028025723923672764287278024583505552192403390144953298639400201567957354275071401275694976789190360576507257801457332777869525712291400244718484169723328356741560360530336
1659861308008912908120244272714603848703868382977914476613273374964825588285702416768468040842908513134328366741453833609082628665978203767552766879511588717396947478191146284154115095907909446766256954251540461914514012861961836382143639012291752776096201695072476649319700100783978677137535700637847488394595180288253628900728666388934762856145700122359242084861664178370780180265168
1659861308008912908120244272714603848703868382977914476613273374964825588285702416768468040842908513134328366741453833609082628665978203767552766879511588717396947478191146284154115095907909446766256954251540461914514012861961836382143639012291752776096201695072476649319700100783978677137535700637847488394595180288253628900728666388934762856145700122359242084861664178370780180265168
3319722616017825816240488545429207697407736765955828953226546749929651176571404833536936081685817026268656733482907667218165257331956407535105533759023177434793894956382292568308230191815818893532513908503080923829028025723923672764287278024583505552192403390144953298639400201567957354275071401275694976789190360576507257801457332777869525712291400244718484169723328356741560360530336
3319722616017825816240488545429207697407736765955828953226546749929651176571404833536936081685817026268656733482907667218165257331956407535105533759023177434793894956382292568308230191815818893532513908503080923829028025723923672764287278024583505552192403390144953298639400201567957354275071401275694976789190360576507257801457332777869525712291400244718484169723328356741560360530336
1659861308008912908120244272714603848703868382977914476613273374964825588285702416768468040842908513134328366741453833609082628665978203767552766879511588717396947478191146284154115095907909446766256954251540461914514012861961836382143639012291752776096201695072476649319700100783978677137535700637847488394595180288253628900728666388934762856145700122359242084861664178370780180265168
3319722616017825816240488545429207697407736765955828953226546749929651176571404833536936081685817026268656733482907667218165257331956407535105533759023177434793894956382292568308230191815818893532513908503080923829028025723923672764287278024583505552192403390144953298639400201567957354275071401275694976789190360576507257801457332777869525712291400244718484169723328356741560360530336
3319722616017825816240488545429207697407736765955828953226546749929651176571404833536936081685817026268656733482907667218165257331956407535105533759023177434793894956382292568308230191815818893532513908503080923829028025723923672764287278024583505552192403390144953298639400201567957354275071401275694976789190360576507257801457332777869525712291400244718484169723328356741560360530336
3319722616017825816240488545429207697407736765955828953226546749929651176571404833536936081685817026268656733482907667218165257331956407535105533759023177434793894956382292568308230191815818893532513908503080923829028025723923672764287278024583505552192403390144953298639400201567957354275071401275694976789190360576507257801457332777869525712291400244718484169723328356741560360530336
1659861308008912908120244272714603848703868382977914476613273374964825588285702416768468040842908513134328366741453833609082628665978203767552766879511588717396947478191146284154115095907909446766256954251540461914514012861961836382143639012291752776096201695072476649319700100783978677137535700637847488394595180288253628900728666388934762856145700122359242084861664178370780180265168
3319722616017825816240488545429207697407736765955828953226546749929651176571404833536936081685817026268656733482907667218165257331956407535105533759023177434793894956382292568308230191815818893532513908503080923829028025723923672764287278024583505552192403390144953298639400201567957354275071401275694976789190360576507257801457332777869525712291400244718484169723328356741560360530336
1659861308008912908120244272714603848703868382977914476613273374964825588285702416768468040842908513134328366741453833609082628665978203767552766879511588717396947478191146284154115095907909446766256954251540461914514012861961836382143639012291752776096201695072476649319700100783978677137535700637847488394595180288253628900728666388934762856145700122359242084861664178370780180265168
1659861308008912908120244272714603848703868382977914476613273374964825588285702416768468040842908513134328366741453833609082628665978203767552766879511588717396947478191146284154115095907909446766256954251540461914514012861961836382143639012291752776096201695072476649319700100783978677137535700637847488394595180288253628900728666388934762856145700122359242084861664178370780180265168
1659861308008912908120244272714603848703868382977914476613273374964825588285702416768468040842908513134328366741453833609082628665978203767552766879511588717396947478191146284154115095907909446766256954251540461914514012861961836382143639012291752776096201695072476649319700100783978677137535700637847488394595180288253628900728666388934762856145700122359242084861664178370780180265168
3319722616017825816240488545429207697407736765955828953226546749929651176571404833536936081685817026268656733482907667218165257331956407535105533759023177434793894956382292568308230191815818893532513908503080923829028025723923672764287278024583505552192403390144953298639400201567957354275071401275694976789190360576507257801457332777869525712291400244718484169723328356741560360530336
3319722616017825816240488545429207697407736765955828953226546749929651176571404833536936081685817026268656733482907667218165257331956407535105533759023177434793894956382292568308230191815818893532513908503080923829028025723923672764287278024583505552192403390144953298639400201567957354275071401275694976789190360576507257801457332777869525712291400244718484169723328356741560360530336
3319722616017825816240488545429207697407736765955828953226546749929651176571404833536936081685817026268656733482907667218165257331956407535105533759023177434793894956382292568308230191815818893532513908503080923829028025723923672764287278024583505552192403390144953298639400201567957354275071401275694976789190360576507257801457332777869525712291400244718484169723328356741560360530336
1659861308008912908120244272714603848703868382977914476613273374964825588285702416768468040842908513134328366741453833609082628665978203767552766879511588717396947478191146284154115095907909446766256954251540461914514012861961836382143639012291752776096201695072476649319700100783978677137535700637847488394595180288253628900728666388934762856145700122359242084861664178370780180265168
3319722616017825816240488545429207697407736765955828953226546749929651176571404833536936081685817026268656733482907667218165257331956407535105533759023177434793894956382292568308230191815818893532513908503080923829028025723923672764287278024583505552192403390144953298639400201567957354275071401275694976789190360576507257801457332777869525712291400244718484169723328356741560360530336
1659861308008912908120244272714603848703868382977914476613273374964825588285702416768468040842908513134328366741453833609082628665978203767552766879511588717396947478191146284154115095907909446766256954251540461914514012861961836382143639012291752776096201695072476649319700100783978677137535700637847488394595180288253628900728666388934762856145700122359242084861664178370780180265168
3319722616017825816240488545429207697407736765955828953226546749929651176571404833536936081685817026268656733482907667218165257331956407535105533759023177434793894956382292568308230191815818893532513908503080923829028025723923672764287278024583505552192403390144953298639400201567957354275071401275694976789190360576507257801457332777869525712291400244718484169723328356741560360530336
1659861308008912908120244272714603848703868382977914476613273374964825588285702416768468040842908513134328366741453833609082628665978203767552766879511588717396947478191146284154115095907909446766256954251540461914514012861961836382143639012291752776096201695072476649319700100783978677137535700637847488394595180288253628900728666388934762856145700122359242084861664178370780180265168
3319722616017825816240488545429207697407736765955828953226546749929651176571404833536936081685817026268656733482907667218165257331956407535105533759023177434793894956382292568308230191815818893532513908503080923829028025723923672764287278024583505552192403390144953298639400201567957354275071401275694976789190360576507257801457332777869525712291400244718484169723328356741560360530336
3319722616017825816240488545429207697407736765955828953226546749929651176571404833536936081685817026268656733482907667218165257331956407535105533759023177434793894956382292568308230191815818893532513908503080923829028025723923672764287278024583505552192403390144953298639400201567957354275071401275694976789190360576507257801457332777869525712291400244718484169723328356741560360530336
3319722616017825816240488545429207697407736765955828953226546749929651176571404833536936081685817026268656733482907667218165257331956407535105533759023177434793894956382292568308230191815818893532513908503080923829028025723923672764287278024583505552192403390144953298639400201567957354275071401275694976789190360576507257801457332777869525712291400244718484169723328356741560360530336
1659861308008912908120244272714603848703868382977914476613273374964825588285702416768468040842908513134328366741453833609082628665978203767552766879511588717396947478191146284154115095907909446766256954251540461914514012861961836382143639012291752776096201695072476649319700100783978677137535700637847488394595180288253628900728666388934762856145700122359242084861664178370780180265168
3319722616017825816240488545429207697407736765955828953226546749929651176571404833536936081685817026268656733482907667218165257331956407535105533759023177434793894956382292568308230191815818893532513908503080923829028025723923672764287278024583505552192403390144953298639400201567957354275071401275694976789190360576507257801457332777869525712291400244718484169723328356741560360530336
3319722616017825816240488545429207697407736765955828953226546749929651176571404833536936081685817026268656733482907667218165257331956407535105533759023177434793894956382292568308230191815818893532513908503080923829028025723923672764287278024583505552192403390144953298639400201567957354275071401275694976789190360576507257801457332777869525712291400244718484169723328356741560360530336
1659861308008912908120244272714603848703868382977914476613273374964825588285702416768468040842908513134328366741453833609082628665978203767552766879511588717396947478191146284154115095907909446766256954251540461914514012861961836382143639012291752776096201695072476649319700100783978677137535700637847488394595180288253628900728666388934762856145700122359242084861664178370780180265168
1659861308008912908120244272714603848703868382977914476613273374964825588285702416768468040842908513134328366741453833609082628665978203767552766879511588717396947478191146284154115095907909446766256954251540461914514012861961836382143639012291752776096201695072476649319700100783978677137535700637847488394595180288253628900728666388934762856145700122359242084861664178370780180265168
3319722616017825816240488545429207697407736765955828953226546749929651176571404833536936081685817026268656733482907667218165257331956407535105533759023177434793894956382292568308230191815818893532513908503080923829028025723923672764287278024583505552192403390144953298639400201567957354275071401275694976789190360576507257801457332777869525712291400244718484169723328356741560360530336
3319722616017825816240488545429207697407736765955828953226546749929651176571404833536936081685817026268656733482907667218165257331956407535105533759023177434793894956382292568308230191815818893532513908503080923829028025723923672764287278024583505552192403390144953298639400201567957354275071401275694976789190360576507257801457332777869525712291400244718484169723328356741560360530336
3319722616017825816240488545429207697407736765955828953226546749929651176571404833536936081685817026268656733482907667218165257331956407535105533759023177434793894956382292568308230191815818893532513908503080923829028025723923672764287278024583505552192403390144953298639400201567957354275071401275694976789190360576507257801457332777869525712291400244718484169723328356741560360530336
1659861308008912908120244272714603848703868382977914476613273374964825588285702416768468040842908513134328366741453833609082628665978203767552766879511588717396947478191146284154115095907909446766256954251540461914514012861961836382143639012291752776096201695072476649319700100783978677137535700637847488394595180288253628900728666388934762856145700122359242084861664178370780180265168
3319722616017825816240488545429207697407736765955828953226546749929651176571404833536936081685817026268656733482907667218165257331956407535105533759023177434793894956382292568308230191815818893532513908503080923829028025723923672764287278024583505552192403390144953298639400201567957354275071401275694976789190360576507257801457332777869525712291400244718484169723328356741560360530336
3319722616017825816240488545429207697407736765955828953226546749929651176571404833536936081685817026268656733482907667218165257331956407535105533759023177434793894956382292568308230191815818893532513908503080923829028025723923672764287278024583505552192403390144953298639400201567957354275071401275694976789190360576507257801457332777869525712291400244718484169723328356741560360530336
3319722616017825816240488545429207697407736765955828953226546749929651176571404833536936081685817026268656733482907667218165257331956407535105533759023177434793894956382292568308230191815818893532513908503080923829028025723923672764287278024583505552192403390144953298639400201567957354275071401275694976789190360576507257801457332777869525712291400244718484169723328356741560360530336
1659861308008912908120244272714603848703868382977914476613273374964825588285702416768468040842908513134328366741453833609082628665978203767552766879511588717396947478191146284154115095907909446766256954251540461914514012861961836382143639012291752776096201695072476649319700100783978677137535700637847488394595180288253628900728666388934762856145700122359242084861664178370780180265168
3319722616017825816240488545429207697407736765955828953226546749929651176571404833536936081685817026268656733482907667218165257331956407535105533759023177434793894956382292568308230191815818893532513908503080923829028025723923672764287278024583505552192403390144953298639400201567957354275071401275694976789190360576507257801457332777869525712291400244718484169723328356741560360530336
3319722616017825816240488545429207697407736765955828953226546749929651176571404833536936081685817026268656733482907667218165257331956407535105533759023177434793894956382292568308230191815818893532513908503080923829028025723923672764287278024583505552192403390144953298639400201567957354275071401275694976789190360576507257801457332777869525712291400244718484169723328356741560360530336
3319722616017825816240488545429207697407736765955828953226546749929651176571404833536936081685817026268656733482907667218165257331956407535105533759023177434793894956382292568308230191815818893532513908503080923829028025723923672764287278024583505552192403390144953298639400201567957354275071401275694976789190360576507257801457332777869525712291400244718484169723328356741560360530336
3319722616017825816240488545429207697407736765955828953226546749929651176571404833536936081685817026268656733482907667218165257331956407535105533759023177434793894956382292568308230191815818893532513908503080923829028025723923672764287278024583505552192403390144953298639400201567957354275071401275694976789190360576507257801457332777869525712291400244718484169723328356741560360530336
1659861308008912908120244272714603848703868382977914476613273374964825588285702416768468040842908513134328366741453833609082628665978203767552766879511588717396947478191146284154115095907909446766256954251540461914514012861961836382143639012291752776096201695072476649319700100783978677137535700637847488394595180288253628900728666388934762856145700122359242084861664178370780180265168
1659861308008912908120244272714603848703868382977914476613273374964825588285702416768468040842908513134328366741453833609082628665978203767552766879511588717396947478191146284154115095907909446766256954251540461914514012861961836382143639012291752776096201695072476649319700100783978677137535700637847488394595180288253628900728666388934762856145700122359242084861664178370780180265168
1659861308008912908120244272714603848703868382977914476613273374964825588285702416768468040842908513134328366741453833609082628665978203767552766879511588717396947478191146284154115095907909446766256954251540461914514012861961836382143639012291752776096201695072476649319700100783978677137535700637847488394595180288253628900728666388934762856145700122359242084861664178370780180265168
1659861308008912908120244272714603848703868382977914476613273374964825588285702416768468040842908513134328366741453833609082628665978203767552766879511588717396947478191146284154115095907909446766256954251540461914514012861961836382143639012291752776096201695072476649319700100783978677137535700637847488394595180288253628900728666388934762856145700122359242084861664178370780180265168
3319722616017825816240488545429207697407736765955828953226546749929651176571404833536936081685817026268656733482907667218165257331956407535105533759023177434793894956382292568308230191815818893532513908503080923829028025723923672764287278024583505552192403390144953298639400201567957354275071401275694976789190360576507257801457332777869525712291400244718484169723328356741560360530336
3319722616017825816240488545429207697407736765955828953226546749929651176571404833536936081685817026268656733482907667218165257331956407535105533759023177434793894956382292568308230191815818893532513908503080923829028025723923672764287278024583505552192403390144953298639400201567957354275071401275694976789190360576507257801457332777869525712291400244718484169723328356741560360530336
3319722616017825816240488545429207697407736765955828953226546749929651176571404833536936081685817026268656733482907667218165257331956407535105533759023177434793894956382292568308230191815818893532513908503080923829028025723923672764287278024583505552192403390144953298639400201567957354275071401275694976789190360576507257801457332777869525712291400244718484169723328356741560360530336
3319722616017825816240488545429207697407736765955828953226546749929651176571404833536936081685817026268656733482907667218165257331956407535105533759023177434793894956382292568308230191815818893532513908503080923829028025723923672764287278024583505552192403390144953298639400201567957354275071401275694976789190360576507257801457332777869525712291400244718484169723328356741560360530336
1659861308008912908120244272714603848703868382977914476613273374964825588285702416768468040842908513134328366741453833609082628665978203767552766879511588717396947478191146284154115095907909446766256954251540461914514012861961836382143639012291752776096201695072476649319700100783978677137535700637847488394595180288253628900728666388934762856145700122359242084861664178370780180265168
1659861308008912908120244272714603848703868382977914476613273374964825588285702416768468040842908513134328366741453833609082628665978203767552766879511588717396947478191146284154115095907909446766256954251540461914514012861961836382143639012291752776096201695072476649319700100783978677137535700637847488394595180288253628900728666388934762856145700122359242084861664178370780180265168
3319722616017825816240488545429207697407736765955828953226546749929651176571404833536936081685817026268656733482907667218165257331956407535105533759023177434793894956382292568308230191815818893532513908503080923829028025723923672764287278024583505552192403390144953298639400201567957354275071401275694976789190360576507257801457332777869525712291400244718484169723328356741560360530336
1659861308008912908120244272714603848703868382977914476613273374964825588285702416768468040842908513134328366741453833609082628665978203767552766879511588717396947478191146284154115095907909446766256954251540461914514012861961836382143639012291752776096201695072476649319700100783978677137535700637847488394595180288253628900728666388934762856145700122359242084861664178370780180265168
3319722616017825816240488545429207697407736765955828953226546749929651176571404833536936081685817026268656733482907667218165257331956407535105533759023177434793894956382292568308230191815818893532513908503080923829028025723923672764287278024583505552192403390144953298639400201567957354275071401275694976789190360576507257801457332777869525712291400244718484169723328356741560360530336
3319722616017825816240488545429207697407736765955828953226546749929651176571404833536936081685817026268656733482907667218165257331956407535105533759023177434793894956382292568308230191815818893532513908503080923829028025723923672764287278024583505552192403390144953298639400201567957354275071401275694976789190360576507257801457332777869525712291400244718484169723328356741560360530336
3319722616017825816240488545429207697407736765955828953226546749929651176571404833536936081685817026268656733482907667218165257331956407535105533759023177434793894956382292568308230191815818893532513908503080923829028025723923672764287278024583505552192403390144953298639400201567957354275071401275694976789190360576507257801457332777869525712291400244718484169723328356741560360530336
3319722616017825816240488545429207697407736765955828953226546749929651176571404833536936081685817026268656733482907667218165257331956407535105533759023177434793894956382292568308230191815818893532513908503080923829028025723923672764287278024583505552192403390144953298639400201567957354275071401275694976789190360576507257801457332777869525712291400244718484169723328356741560360530336
1659861308008912908120244272714603848703868382977914476613273374964825588285702416768468040842908513134328366741453833609082628665978203767552766879511588717396947478191146284154115095907909446766256954251540461914514012861961836382143639012291752776096201695072476649319700100783978677137535700637847488394595180288253628900728666388934762856145700122359242084861664178370780180265168
3319722616017825816240488545429207697407736765955828953226546749929651176571404833536936081685817026268656733482907667218165257331956407535105533759023177434793894956382292568308230191815818893532513908503080923829028025723923672764287278024583505552192403390144953298639400201567957354275071401275694976789190360576507257801457332777869525712291400244718484169723328356741560360530336
1659861308008912908120244272714603848703868382977914476613273374964825588285702416768468040842908513134328366741453833609082628665978203767552766879511588717396947478191146284154115095907909446766256954251540461914514012861961836382143639012291752776096201695072476649319700100783978677137535700637847488394595180288253628900728666388934762856145700122359242084861664178370780180265168
1659861308008912908120244272714603848703868382977914476613273374964825588285702416768468040842908513134328366741453833609082628665978203767552766879511588717396947478191146284154115095907909446766256954251540461914514012861961836382143639012291752776096201695072476649319700100783978677137535700637847488394595180288253628900728666388934762856145700122359242084861664178370780180265168
3319722616017825816240488545429207697407736765955828953226546749929651176571404833536936081685817026268656733482907667218165257331956407535105533759023177434793894956382292568308230191815818893532513908503080923829028025723923672764287278024583505552192403390144953298639400201567957354275071401275694976789190360576507257801457332777869525712291400244718484169723328356741560360530336
3319722616017825816240488545429207697407736765955828953226546749929651176571404833536936081685817026268656733482907667218165257331956407535105533759023177434793894956382292568308230191815818893532513908503080923829028025723923672764287278024583505552192403390144953298639400201567957354275071401275694976789190360576507257801457332777869525712291400244718484169723328356741560360530336
3319722616017825816240488545429207697407736765955828953226546749929651176571404833536936081685817026268656733482907667218165257331956407535105533759023177434793894956382292568308230191815818893532513908503080923829028025723923672764287278024583505552192403390144953298639400201567957354275071401275694976789190360576507257801457332777869525712291400244718484169723328356741560360530336
3319722616017825816240488545429207697407736765955828953226546749929651176571404833536936081685817026268656733482907667218165257331956407535105533759023177434793894956382292568308230191815818893532513908503080923829028025723923672764287278024583505552192403390144953298639400201567957354275071401275694976789190360576507257801457332777869525712291400244718484169723328356741560360530336
1659861308008912908120244272714603848703868382977914476613273374964825588285702416768468040842908513134328366741453833609082628665978203767552766879511588717396947478191146284154115095907909446766256954251540461914514012861961836382143639012291752776096201695072476649319700100783978677137535700637847488394595180288253628900728666388934762856145700122359242084861664178370780180265168
3319722616017825816240488545429207697407736765955828953226546749929651176571404833536936081685817026268656733482907667218165257331956407535105533759023177434793894956382292568308230191815818893532513908503080923829028025723923672764287278024583505552192403390144953298639400201567957354275071401275694976789190360576507257801457332777869525712291400244718484169723328356741560360530336
3319722616017825816240488545429207697407736765955828953226546749929651176571404833536936081685817026268656733482907667218165257331956407535105533759023177434793894956382292568308230191815818893532513908503080923829028025723923672764287278024583505552192403390144953298639400201567957354275071401275694976789190360576507257801457332777869525712291400244718484169723328356741560360530336
1659861308008912908120244272714603848703868382977914476613273374964825588285702416768468040842908513134328366741453833609082628665978203767552766879511588717396947478191146284154115095907909446766256954251540461914514012861961836382143639012291752776096201695072476649319700100783978677137535700637847488394595180288253628900728666388934762856145700122359242084861664178370780180265168
3319722616017825816240488545429207697407736765955828953226546749929651176571404833536936081685817026268656733482907667218165257331956407535105533759023177434793894956382292568308230191815818893532513908503080923829028025723923672764287278024583505552192403390144953298639400201567957354275071401275694976789190360576507257801457332777869525712291400244718484169723328356741560360530336
3319722616017825816240488545429207697407736765955828953226546749929651176571404833536936081685817026268656733482907667218165257331956407535105533759023177434793894956382292568308230191815818893532513908503080923829028025723923672764287278024583505552192403390144953298639400201567957354275071401275694976789190360576507257801457332777869525712291400244718484169723328356741560360530336
3319722616017825816240488545429207697407736765955828953226546749929651176571404833536936081685817026268656733482907667218165257331956407535105533759023177434793894956382292568308230191815818893532513908503080923829028025723923672764287278024583505552192403390144953298639400201567957354275071401275694976789190360576507257801457332777869525712291400244718484169723328356741560360530336
3319722616017825816240488545429207697407736765955828953226546749929651176571404833536936081685817026268656733482907667218165257331956407535105533759023177434793894956382292568308230191815818893532513908503080923829028025723923672764287278024583505552192403390144953298639400201567957354275071401275694976789190360576507257801457332777869525712291400244718484169723328356741560360530336
3319722616017825816240488545429207697407736765955828953226546749929651176571404833536936081685817026268656733482907667218165257331956407535105533759023177434793894956382292568308230191815818893532513908503080923829028025723923672764287278024583505552192403390144953298639400201567957354275071401275694976789190360576507257801457332777869525712291400244718484169723328356741560360530336
1659861308008912908120244272714603848703868382977914476613273374964825588285702416768468040842908513134328366741453833609082628665978203767552766879511588717396947478191146284154115095907909446766256954251540461914514012861961836382143639012291752776096201695072476649319700100783978677137535700637847488394595180288253628900728666388934762856145700122359242084861664178370780180265168
1659861308008912908120244272714603848703868382977914476613273374964825588285702416768468040842908513134328366741453833609082628665978203767552766879511588717396947478191146284154115095907909446766256954251540461914514012861961836382143639012291752776096201695072476649319700100783978677137535700637847488394595180288253628900728666388934762856145700122359242084861664178370780180265168
1659861308008912908120244272714603848703868382977914476613273374964825588285702416768468040842908513134328366741453833609082628665978203767552766879511588717396947478191146284154115095907909446766256954251540461914514012861961836382143639012291752776096201695072476649319700100783978677137535700637847488394595180288253628900728666388934762856145700122359242084861664178370780180265168
3319722616017825816240488545429207697407736765955828953226546749929651176571404833536936081685817026268656733482907667218165257331956407535105533759023177434793894956382292568308230191815818893532513908503080923829028025723923672764287278024583505552192403390144953298639400201567957354275071401275694976789190360576507257801457332777869525712291400244718484169723328356741560360530336
3319722616017825816240488545429207697407736765955828953226546749929651176571404833536936081685817026268656733482907667218165257331956407535105533759023177434793894956382292568308230191815818893532513908503080923829028025723923672764287278024583505552192403390144953298639400201567957354275071401275694976789190360576507257801457332777869525712291400244718484169723328356741560360530336
3319722616017825816240488545429207697407736765955828953226546749929651176571404833536936081685817026268656733482907667218165257331956407535105533759023177434793894956382292568308230191815818893532513908503080923829028025723923672764287278024583505552192403390144953298639400201567957354275071401275694976789190360576507257801457332777869525712291400244718484169723328356741560360530336
3319722616017825816240488545429207697407736765955828953226546749929651176571404833536936081685817026268656733482907667218165257331956407535105533759023177434793894956382292568308230191815818893532513908503080923829028025723923672764287278024583505552192403390144953298639400201567957354275071401275694976789190360576507257801457332777869525712291400244718484169723328356741560360530336
3319722616017825816240488545429207697407736765955828953226546749929651176571404833536936081685817026268656733482907667218165257331956407535105533759023177434793894956382292568308230191815818893532513908503080923829028025723923672764287278024583505552192403390144953298639400201567957354275071401275694976789190360576507257801457332777869525712291400244718484169723328356741560360530336
1659861308008912908120244272714603848703868382977914476613273374964825588285702416768468040842908513134328366741453833609082628665978203767552766879511588717396947478191146284154115095907909446766256954251540461914514012861961836382143639012291752776096201695072476649319700100783978677137535700637847488394595180288253628900728666388934762856145700122359242084861664178370780180265168
3319722616017825816240488545429207697407736765955828953226546749929651176571404833536936081685817026268656733482907667218165257331956407535105533759023177434793894956382292568308230191815818893532513908503080923829028025723923672764287278024583505552192403390144953298639400201567957354275071401275694976789190360576507257801457332777869525712291400244718484169723328356741560360530336
